,Costs ($)
Distribution Capital,2.79E+09
